14.5492483939067
32.7971637831814
53.4135717013382
75.5264846773688
98.8023217063749
123.083797333487
147.481876051721
172.5548585858
198.130123140252
223.776049915364
249.339386911639
274.699087321437
300.455453142085
326.379410919061
352.317320556848
378.265548507419
404.171543648228
427.551462211663
448.448985116773
469.083896872844
489.18018187186
508.997001668559
528.439601081672
547.425912063611
566.077877832941
584.202837283533
601.817063966085
618.921676336755
635.72217684796
652.330675042688
668.234467622186
683.437249047577
698.442904439185
713.598500012655
728.522093707556
743.392115300291
757.883304662708
772.516306619308
786.990826214787
799.883114812418
812.564928910241
825.235091403657
837.829537227899
850.468612505235
862.927069635778
874.66097223924
886.099136639581
897.478812952937
909.180826071368
920.502683391573
