0.460941558441558
1.40118243243243
2.79558849020628
4.58082943114811
6.70560038174562
9.13168402777778
11.8326819524058
14.7710071254779
17.9191118935837
21.2631893702157
24.781092254134
28.4563305468478
32.2724342219899
36.2131276150628
40.2678571428571
44.4247164048866
48.6738148245155
53.0121636967156
57.4299182835169
61.9260449457852
66.4952099737533
71.1383819152661
75.8444780171659
80.6174750262881
85.4463769068911
90.3343640350877
95.2784031068984
100.285893045311
105.354770690564
110.47640866737
115.654111697449
120.885878651883
126.174172389505
131.502499559549
136.870637228979
142.275132275132
147.724424298571
153.212283721751
158.741355325914
164.301044980559
169.902210433245
175.546145169851
181.224298548416
186.93851842012
192.681142566011
198.456105939716
204.258382118148
210.0765885694
215.922238501154
221.79493159204
