18.0724699531727
39.2729246989796
61.4154007196154
83.8658783108122
106.927761919912
129.926809850509
152.89969937867
176.187425307982
199.744663475154
223.412687270269
247.060984196619
270.811735906898
295.237223402291
319.925317065852
344.703419129706
369.647067312816
394.589305915928
412.936696980174
424.929139039631
437.056633219875
449.345519826432
461.681823132188
473.843793144242
485.577034008168
497.16053146499
508.460014695259
519.470225360433
529.927291668174
540.108711114131
549.798444110887
558.519931663835
566.66966237139
574.628085454468
582.965667658217
591.234674794401
599.055732370052
606.427617198206
613.946421432017
621.344189848183
626.080944475196
631.51879516826
637.21044410048
642.831729508945
648.726284772558
654.29816023458
658.798769316254
662.84451381291
666.772788869371
671.129342941043
674.792799053187
