0.249444880395531
0.745729613139291
1.46094035546281
2.33451046286151
3.33034537582799
4.41849933875598
5.59177120587409
6.82616317126922
8.10720297704932
9.46403522161365
10.8888735432755
12.3681067944849
13.8995207418545
15.4729006445035
17.0985861878809
18.7608875820609
20.4584403903855
22.1768777973591
23.9054702344053
25.6367971306406
27.3585292946695
29.0560429575203
30.7112517434451
32.3270400966469
33.9010607847164
35.425036533588
36.9056994439728
38.3526841614438
39.7668540616653
41.1416089890684
42.4809196444467
43.7709313121997
45.0151650823041
46.1842776968558
47.2916364317308
48.3394701179022
49.3500512430247
50.3073494781954
51.2348048080482
52.107062875892
52.950079586289
53.7752397091092
54.5714481238818
55.3505318647492
56.1015890869593
56.8407525832347
57.5719237785774
58.2694923909762
58.956762092785
59.6185381199369
