28.2850513968094
53.4608943604392
70.1474222509178
87.178883987035
103.01170516996
116.903472540755
130.053358150004
145.150045622181
154.107871183592
159.661180234822
164.709483550689
170.307764652067
172.803816966272
178.965521385598
184.327035550143
185.998959073416
188.252350920198
193.938826795791
198.208525228871
201.794913972536
205.847029753698
210.770821830249
216.666377787237
224.196669111004
233.432180603908
236.135372446954
238.966789980319
242.770814222741
243.959892594012
242.586291012692
248.142462262581
253.745117248114
260.042226085452
265.701837178815
269.099702310938
274.175371107962
279.480171275925
284.696342410899
290.395126789121
295.602582484558
298.113683968284
303.25535628128
310.690898529666
316.091740192268
319.13794223579
318.603280239999
321.816531120512
328.491517630768
334.693682011489
339.977655036621
