2.24439090425869
3.90943098973405
5.57818732757428
7.45725984726456
9.15884186959362
10.9722146286784
12.6492548760114
14.3887135513057
16.5261509456672
18.5501170009218
20.645060884048
22.72196416217
24.8290707296234
26.8388316431839
28.8413053574185
30.7179977378718
32.6201905946835
34.4433690814814
36.2272979482089
38.1471897467964
40.1234918686558
42.141217092821
44.1154109076564
46.3852253367395
48.5588017571211
52.1182809907914
55.58152478609
59.2823688622983
61.5530794004691
62.213475959367
62.840340302322
63.4140879502031
65.6927221970481
68.0201795941902
70.3334598618554
72.6865819262552
75.0707213545192
77.5099290562956
79.8380453134125
82.1709179561908
84.4400907954661
86.6577467694889
88.9159102174575
91.2025001919501
93.4606305703198
95.7699185831405
98.1069304216003
100.263275161052
102.670793565946
105.160304424834
