42.1943021849906
76.8111090821188
92.1769626416368
109.778696112342
125.266805691152
137.565820067768
148.901838899321
167.789711539535
180.203073999114
185.697397676079
190.04248758583
197.615331891575
196.823437394944
197.078010382286
199.74309243166
199.810429876168
197.131977606431
197.143729622602
191.850422028559
190.661793616294
190.470815648712
193.819429821592
198.295498902436
204.450899540961
217.425416516317
216.650526437497
215.448621378812
220.081880377797
217.726847880628
213.372117845341
217.585455274189
223.058445108644
230.246294119737
235.966855198098
237.085978983191
242.878389553887
250.781911000526
252.951867720074
260.350698171357
266.654588464553
265.161130608365
266.322812114907
276.189069379642
280.603049359959
279.48024840195
272.413602466774
273.593175161584
284.683372606695
291.983796084697
293.426559921451
