2.46987820943028
4.10441357878196
5.05343622986984
6.25258520841595
7.08740435928313
7.9815312526371
8.63408725084066
9.00839839175478
10.0578729087188
10.9980710658576
12.1182500064781
13.4064340189025
14.5237656198945
15.528665817866
16.5031404747782
17.1687496210945
17.8844728213077
18.5481547254582
19.1530450863057
19.8386588594778
20.5445193124054
21.3188970376853
22.1096551962083
23.2235073063762
24.3162336475955
27.315953186434
31.9620456765427
37.7518566357246
38.9451026811542
35.6495047134423
33.2529856965044
32.2519164941776
33.5344239173518
34.8667446129468
36.2568833613122
37.6463527531213
39.0581790240765
40.5366361431439
41.8271978463909
43.0934940761017
44.3565386699107
45.5912643645589
46.9387414592192
48.3451171728529
49.7969842267031
51.3347415757087
52.9210387598115
54.2461124984955
55.9693469010847
57.763431482597
